0.0966363468817153
0.265391614825356
0.791945012552107
0.936860742600308
0.568258588342543
0.938021557232250
0.597248394550004
0.987951967656024
0.762348502525266
0.185615868606856
0.516770005620535
0.640152095210696
0.868950900520154
0.600118369540064
0.999669379464958
0.129176300403452
0.293370644224903
0.476879373687157
0.129582432240684
0.228123465100651
0.181072044279788
0.672015577816978
0.325784840279706
0.790587527491233
0.546013905045363
0.230556560892690
0.686762469185010
0.0490826014713077
0.572598535076369
0.993762320965993
0.362969029951081
0.558720660200442
0.927280354399360
0.259876495471737
0.832475026591379
0.175125904798296
0.879842193769806
0.279632764390449
0.849476001343640
0.806716015291715
0.189125152331529
0.978558955309026
0.253727659927400
0.778546128041703
0.810784541101316
0.497952947745918
0.915723151614534
0.100983542995495
0.135824589221803
0.858316796023346